Year,"Repeaters, primary, female (% of female enrollment)","Repeaters, primary, male (% of male enrollment)"
1972,31.74897,32.45162
1973,29.88408,30.77039
1974,30.55378,30.92216
1975,28.52698,29.68636
1976,25.55829,26.66065
1977,24.34761,25.03518
1978,24.34955,24.8636
1979,24.57212,24.86642
1980,24.51837,25.13242
1981,25.22356,26.16134
1982,27.2871,28.45654
1983,29.75602,31.71287
1984,31.06046,32.35739
1985,32.01797,34.31913
1986,29.06406,30.60149
1987,30.83229,31.73908
1988,29.58489,31.98704
1989,34.31414,35.33591
1990,38.09336,38.90709
1992,31.7292,33.77387
1993,33.95043,34.10978
1994,34.68253,36.55567
1996,31.6038,34.71913
1999,38.19295,39.96583
2000,26.72443,27.68104
2001,24.04016,25.73139
2002,24.38775,25.09964
2003,27.17869,28.41356
2004,23.9094,25.13263
2005,23.11565,24.71084
2006,20.93691,21.47057
2007,20.93692,21.47834
2008,21.52317,23.2166
2009,18.74102,20.51257
2010,18.41952,19.7011
2011,17.96675,19.40558
2012,20.92145,24.77563
